n,m,value,error,time
2,1,5.940181245530665,-0.2833269960382844843138627766,0.0005610000000000337
3,1,5.410717050759368,0.2461371987330123189963160257,0.0003730000000000677
4,1,5.731880318583307,-0.07502606909092612852418824332,0.00037799999999998946
5,1,5.560261944328656,0.09659230516372474539821268991,0.0004129999999999967
6,1,5.6917249580341,-0.03487070854171925304854084970,0.0004469999999999752
7,1,5.605352888362523,0.05150136112985759240245897672,0.0004830000000000112
8,1,5.677019766475108,-0.02016551698272728287975041894,0.0005389999999999562
9,1,5.624870510368625,0.03198373912375540584207556094,0.0006470000000000642
10,1,5.669999391226753,-0.01314514173437242305908512208,0.0006699999999999484
11,1,5.635068402289951,0.02178584720242948691293349839,0.0007460000000000244
12,1,5.666102236112033,-0.009247986619651982209688867442,0.0008160000000000389
13,1,5.64106242702175,0.01579182247063037891621206654,0.0009719999999999729
14,1,5.663714654636421,-0.006860405144040626623791467864,0.0010089999999999266
15,1,5.644883041587116,0.01197120790526451372670635465,0.0011030000000000761
16,1,5.6621460658782565,-0.005291816385875947048589296173,0.0012090000000000156
17,1,5.647467309800208,0.009386939692172191485042276327,0.0013520000000000199
18,1,5.661060296817678,-0.004206047325297390671039465815,0.0014699999999999713
19,1,5.649296565155391,0.007557684336990000417699775426,0.0016559999999999908
20,1,5.660277620932385,-0.003423371440004707721982413204,0.0017719999999999958
2,2,5.656346076002885,0.0005081734894956113635089423042,0.0005610000000000337
3,2,5.656854922154562,-6.726621810670962986478116363E-7,0.0006079999999999419
4,2,5.65685424902151,4.708704537392804923001676798E-10,0.0006539999999999324
5,2,5.656854249492581,-2.007283228522283025085926056E-13,0.0007289999999999797
6,2,5.656854249492382,-1.776356839400250464677810669E-15,0.0008000000000000229
7,2,5.656854249492385,-4.440892098500626161694526672E-15,0.0009959999999999969
8,2,5.656854249492375,5.329070518200751394033432007E-15,0.0010040000000000049
9,2,5.656854249492383,-2.664535259100375697016716003E-15,0.0011539999999999884
10,2,5.6568542494923815,-8.881784197001252323389053345E-16,0.0012570000000000636
11,2,5.656854249492388,-7.105427357601001858711242676E-15,0.001395000000000035
12,2,5.656854249492376,4.440892098500626161694526672E-15,0.0016050000000000786
13,2,5.656854249492378,2.664535259100375697016716003E-15,0.0017740000000000533
14,2,5.656854249492388,-7.105427357601001858711242676E-15,0.0019480000000000608
15,2,5.65685424949238,8.881784197001252323389053345E-16,0.0022039999999999837
16,2,5.656854249492372,8.881784197001252323389053345E-15,0.0023689999999999545
17,2,5.656854249492373,7.993605777301127091050148010E-15,0.0026929999999999454
18,2,5.6568542494923735,7.105427357601001858711242676E-15,0.0029080000000000217
19,2,5.656854249492375,5.329070518200751394033432007E-15,0.0031809999999999894
20,2,5.65685424949237,1.065814103640150278806686401E-14,0.003553999999999946
2,3,5.656822955537866,0.00003129395451484384693685569800,0.0011290000000000466
3,3,5.656854259837278,-1.034489738316324292100034654E-8,0.0012119999999999909
4,3,5.656854249490571,1.809219440929155098274350166E-12,0.0013539999999999663
5,3,5.656854249492378,2.664535259100375697016716003E-15,0.0015420000000000433
6,3,5.6568542494923815,-8.881784197001252323389053345E-16,0.0015620000000000633
7,3,5.656854249492386,-5.329070518200751394033432007E-15,0.001715000000000022
8,3,5.656854249492374,6.217248937900876626372337341E-15,0.001960000000000073
9,3,5.656854249492382,-1.776356839400250464677810669E-15,0.0021900000000000253
10,3,5.656854249492382,-1.776356839400250464677810669E-15,0.0024690000000000545
11,3,5.656854249492389,-7.993605777301127091050148010E-15,0.0027760000000000007
12,3,5.656854249492375,5.329070518200751394033432007E-15,0.0030930000000000124
13,3,5.656854249492379,1.776356839400250464677810669E-15,0.0034760000000000346
14,3,5.6568542494923895,-8.881784197001252323389053345E-15,0.0038199999999999346
15,3,5.656854249492379,1.776356839400250464677810669E-15,0.004267000000000021
16,3,5.656854249492371,9.769962616701377555727958679E-15,0.0048120000000000385
17,3,5.656854249492373,7.993605777301127091050148010E-15,0.005449000000000037
18,3,5.6568542494923735,7.105427357601001858711242676E-15,0.005757000000000012
19,3,5.656854249492375,5.329070518200751394033432007E-15,0.0062869999999999315
20,3,5.656854249492372,8.881784197001252323389053345E-15,0.006970000000000032
2,4,5.656852300803268,0.000001948689112296619896369520575,0.0019700000000000273
3,4,5.656854249653379,-1.609983257822023006156086922E-10,0.0021719999999999517
4,4,5.656854249492374,6.217248937900876626372337341E-15,0.0025840000000000307
5,4,5.656854249492379,1.776356839400250464677810669E-15,0.002758999999999956
6,4,5.6568542494923815,-8.881784197001252323389053345E-16,0.003066000000000013
7,4,5.656854249492385,-4.440892098500626161694526672E-15,0.003386999999999918
8,4,5.656854249492376,4.440892098500626161694526672E-15,0.003823000000000021
9,4,5.6568542494923815,-8.881784197001252323389053345E-16,0.0043079999999999785
10,4,5.6568542494923815,-8.881784197001252323389053345E-16,0.004807000000000006
11,4,5.656854249492389,-7.993605777301127091050148010E-15,0.005332000000000003
12,4,5.656854249492375,5.329070518200751394033432007E-15,0.006962000000000024
13,4,5.65685424949238,8.881784197001252323389053345E-16,0.006896999999999931
14,4,5.6568542494923895,-8.881784197001252323389053345E-15,0.007677999999999963
15,4,5.656854249492381,0E-50,0.008468000000000031
16,4,5.65685424949237,1.065814103640150278806686401E-14,0.009592999999999963
17,4,5.656854249492373,7.993605777301127091050148010E-15,0.010495000000000032
18,4,5.6568542494923735,7.105427357601001858711242676E-15,0.01183500000000004
19,4,5.656854249492375,5.329070518200751394033432007E-15,0.012693999999999983
20,4,5.65685424949237,1.065814103640150278806686401E-14,0.014448000000000016
2,5,5.656854127811112,1.216812686166690582467708737E-7,0.003854000000000024
3,5,5.656854249494889,-2.508215857233153656125068665E-12,0.004206000000000043
4,5,5.656854249492382,-1.776356839400250464677810669E-15,0.004765999999999937
5,5,5.65685424949238,8.881784197001252323389053345E-16,0.00541999999999998
6,5,5.656854249492382,-1.776356839400250464677810669E-15,0.0060509999999999176
7,5,5.656854249492385,-4.440892098500626161694526672E-15,0.006765000000000021
8,5,5.656854249492378,2.664535259100375697016716003E-15,0.007750000000000035
9,5,5.656854249492382,-1.776356839400250464677810669E-15,0.00857399999999997
10,5,5.6568542494923815,-8.881784197001252323389053345E-16,0.009507999999999961
11,5,5.656854249492388,-7.105427357601001858711242676E-15,0.010531000000000068
12,5,5.656854249492378,2.664535259100375697016716003E-15,0.012066000000000021
13,5,5.65685424949238,8.881784197001252323389053345E-16,0.013548000000000004
14,5,5.656854249492389,-7.993605777301127091050148010E-15,0.01500199999999996
15,5,5.65685424949238,8.881784197001252323389053345E-16,0.016699999999999937
16,5,5.656854249492374,6.217248937900876626372337341E-15,0.01854100000000014
17,5,5.656854249492376,4.440892098500626161694526672E-15,0.02095899999999995
18,5,5.656854249492377,3.552713678800500929355621338E-15,0.023104000000000013
19,5,5.656854249492377,3.552713678800500929355621338E-15,0.024845000000000006
20,5,5.656854249492374,6.217248937900876626372337341E-15,0.02757900000000002
