n,m,value,error,time
2,1,5.648214046136829,0.008640203355551712149917875649,0.001659000000000077
3,1,5.656900191948111,-0.00004594245573041888519583153538,0.0015220000000000233
4,1,5.656854120499785,1.289925952718817825370933861E-7,0.0016899999999999693
5,1,5.656854249716192,-2.238111918018148571718484163E-10,0.001835000000000253
6,1,5.656854249492117,2.637889906509371940046548843E-13,0.0020099999999998452
7,1,5.656854249492384,-3.552713678800500929355621338E-15,0.0022769999999998625
8,1,5.656854249492374,6.217248937900876626372337341E-15,0.002585999999999977
9,1,5.656854249492381,0E-50,0.002886999999999862
10,1,5.6568542494923815,-8.881784197001252323389053345E-16,0.00317400000000001
11,1,5.656854249492389,-7.993605777301127091050148010E-15,0.0036669999999996428
12,1,5.656854249492376,4.440892098500626161694526672E-15,0.004123000000000321
13,1,5.656854249492378,2.664535259100375697016716003E-15,0.004574999999999996
14,1,5.656854249492389,-7.993605777301127091050148010E-15,0.005183999999999855
15,1,5.65685424949238,8.881784197001252323389053345E-16,0.005704000000000153
16,1,5.656854249492371,9.769962616701377555727958679E-15,0.00410099999999991
17,1,5.656854249492373,7.993605777301127091050148010E-15,0.004090000000000149
18,1,5.656854249492373,7.993605777301127091050148010E-15,0.004481000000000179
19,1,5.656854249492374,6.217248937900876626372337341E-15,0.004802999999999891
20,1,5.656854249492371,9.769962616701377555727958679E-15,0.005488999999999855
2,2,5.656346076002885,0.0005081734894956113635089423042,0.0016880000000001338
3,2,5.656854922154561,-6.726621801789178789476864040E-7,0.0017610000000001236
4,2,5.656854249021509,4.708713419177001924254000187E-10,0.001942999999999806
5,2,5.656854249492582,-2.016165012719284277409315109E-13,0.0021800000000000708
6,2,5.6568542494923815,-8.881784197001252323389053345E-16,0.0025889999999999525
7,2,5.656854249492383,-2.664535259100375697016716003E-15,0.0026720000000000077
8,2,5.656854249492374,6.217248937900876626372337341E-15,0.0029820000000002622
9,2,5.6568542494923815,-8.881784197001252323389053345E-16,0.00339899999999993
10,2,5.6568542494923815,-8.881784197001252323389053345E-16,0.0024839999999999307
11,2,5.656854249492389,-7.993605777301127091050148010E-15,0.0013830000000001341
12,2,5.656854249492375,5.329070518200751394033432007E-15,0.0015890000000000626
13,2,5.656854249492378,2.664535259100375697016716003E-15,0.0017730000000000246
14,2,5.656854249492389,-7.993605777301127091050148010E-15,0.002199000000000062
15,2,5.65685424949238,8.881784197001252323389053345E-16,0.0022519999999999207
16,2,5.656854249492371,9.769962616701377555727958679E-15,0.002475000000000005
17,2,5.656854249492373,7.993605777301127091050148010E-15,0.002666000000000057
18,2,5.6568542494923735,7.105427357601001858711242676E-15,0.0029529999999997614
19,2,5.656854249492375,5.329070518200751394033432007E-15,0.003207000000000182
20,2,5.656854249492371,9.769962616701377555727958679E-15,0.0035169999999999924
2,3,5.656822955537866,0.00003129395451484384693685569800,0.001028000000000251
3,3,5.656854259837278,-1.034489738316324292100034654E-8,0.0011270000000003222
4,3,5.656854249490571,1.809219440929155098274350166E-12,0.00123099999999976
5,3,5.656854249492378,2.664535259100375697016716003E-15,0.0014009999999999856
6,3,5.6568542494923815,-8.881784197001252323389053345E-16,0.0015329999999997845
7,3,5.656854249492385,-4.440892098500626161694526672E-15,0.001714999999999911
8,3,5.656854249492375,5.329070518200751394033432007E-15,0.0019400000000002748
9,3,5.656854249492381,0E-50,0.0022700000000002163
10,3,5.6568542494923815,-8.881784197001252323389053345E-16,0.0028649999999998954
11,3,5.656854249492388,-7.105427357601001858711242676E-15,0.002803000000000111
12,3,5.656854249492375,5.329070518200751394033432007E-15,0.003098999999999741
13,3,5.656854249492378,2.664535259100375697016716003E-15,0.003467000000000109
14,3,5.6568542494923895,-8.881784197001252323389053345E-15,0.0038399999999998435
15,3,5.656854249492379,1.776356839400250464677810669E-15,0.0042759999999999465
16,3,5.656854249492371,9.769962616701377555727958679E-15,0.004681999999999853
17,3,5.656854249492373,7.993605777301127091050148010E-15,0.005327999999999999
18,3,5.6568542494923735,7.105427357601001858711242676E-15,0.006331000000000309
19,3,5.656854249492374,6.217248937900876626372337341E-15,0.006337000000000259
20,3,5.656854249492371,9.769962616701377555727958679E-15,0.006970999999999616
2,4,5.656852300803268,0.000001948689112296619896369520575,0.001994999999999969
3,4,5.65685424965338,-1.609992139606220007408410311E-10,0.0021589999999998
4,4,5.656854249492374,6.217248937900876626372337341E-15,0.00240700000000027
5,4,5.656854249492378,2.664535259100375697016716003E-15,0.0027300000000001212
6,4,5.656854249492383,-2.664535259100375697016716003E-15,0.003035000000000121
7,4,5.656854249492384,-3.552713678800500929355621338E-15,0.003889999999999727
8,4,5.656854249492375,5.329070518200751394033432007E-15,0.003902000000000072
9,4,5.656854249492383,-2.664535259100375697016716003E-15,0.00432599999999983
10,4,5.656854249492382,-1.776356839400250464677810669E-15,0.004830999999999808
11,4,5.656854249492388,-7.105427357601001858711242676E-15,0.005279999999999951
12,4,5.656854249492375,5.329070518200751394033432007E-15,0.0060389999999999056
13,4,5.656854249492378,2.664535259100375697016716003E-15,0.006778000000000173
14,4,5.656854249492389,-7.993605777301127091050148010E-15,0.00758100000000006
15,4,5.656854249492379,1.776356839400250464677810669E-15,0.008392000000000177
16,4,5.656854249492373,7.993605777301127091050148010E-15,0.009239999999999693
17,4,5.6568542494923735,7.105427357601001858711242676E-15,0.014666000000000068
18,4,5.656854249492374,6.217248937900876626372337341E-15,0.011868000000000212
19,4,5.656854249492374,6.217248937900876626372337341E-15,0.012547999999999782
20,4,5.656854249492371,9.769962616701377555727958679E-15,0.01408100000000001
2,5,5.656854127811114,1.216812668403122188465204090E-7,0.00424599999999975
3,5,5.6568542494948915,-2.510880392492254031822085381E-12,0.004240999999999939
4,5,5.6568542494923815,-8.881784197001252323389053345E-16,0.004779000000000089
5,5,5.656854249492379,1.776356839400250464677810669E-15,0.00541400000000003
6,5,5.6568542494923815,-8.881784197001252323389053345E-16,0.0060349999999997905
7,5,5.656854249492384,-3.552713678800500929355621338E-15,0.006703000000000348
8,5,5.656854249492374,6.217248937900876626372337341E-15,0.007476999999999734
9,5,5.6568542494923815,-8.881784197001252323389053345E-16,0.008455999999999797
10,5,5.6568542494923815,-8.881784197001252323389053345E-16,0.009469000000000172
11,5,5.656854249492389,-7.993605777301127091050148010E-15,0.010496999999999979
12,5,5.656854249492374,6.217248937900876626372337341E-15,0.012116999999999933
13,5,5.656854249492378,2.664535259100375697016716003E-15,0.013473999999999986
14,5,5.6568542494923895,-8.881784197001252323389053345E-15,0.015007000000000215
15,5,5.656854249492379,1.776356839400250464677810669E-15,0.016685000000000283
16,5,5.656854249492371,9.769962616701377555727958679E-15,0.018454000000000192
17,5,5.6568542494923735,7.105427357601001858711242676E-15,0.020748999999999906
18,5,5.6568542494923735,7.105427357601001858711242676E-15,0.022844000000000086
19,5,5.6568542494923735,7.105427357601001858711242676E-15,0.024939999999999962
20,5,5.656854249492371,9.769962616701377555727958679E-15,0.027856000000000325
