2,1,0.6692395023997495,-0.002572835733082867726295717148,0.001610999999999585
3,1,0.6675554505388088,-0.0008887838721421958965152043675,0.001484000000000485
4,1,0.66707714064002,-0.0004104739733533646628416136082,0.0015999999999998238
5,1,0.6668894489261592,-0.0002227822594925710220081782609,0.0018000000000002458
6,1,0.666800936082212,-0.0001342694155453960647150779550,0.0021439999999994797
7,1,0.6667537887353616,-0.00008712206869498917427563355886,0.002219000000000193
8,1,0.666726386583802,-0.00005971991713538127299898405909,0.0024999999999995026
9,1,0.6667093787094842,-0.00004271204281758311793737448170,0.002858999999999945
10,1,0.6666982659499081,-0.00003159928324147909250996235642,0.0033119999999993155
11,1,0.6666906989311774,-0.00002403226451075379799249276402,0.003503000000000256
12,1,0.6666853684789585,-0.00001870181229191025806812831433,0.0040599999999999525
13,1,0.666681505398997,-0.00001483873233032451111057525850,0.004554000000000613
14,1,0.6666786374239025,-0.00001197075723591289886371669127,0.005055999999999727
15,1,0.6666764636059187,-0.000009796939252071368287033692468,0.005525000000000446
16,1,0.6666747859611732,-0.000008119294506614416206957685063,0.006097999999999715
17,1,0.6666734705966662,-0.000006803929999521507454574020812,0.007039999999999935
18,1,0.6666724247485885,-0.000005758081921825031201933597913,0.0076790000000004355
19,1,0.6666715827629472,-0.000004916096280616066849233902758,0.008478000000000208
20,1,0.666670897283109,-0.000004230616442391088583008240676,0.00928199999999979
2,2,0.6675777701535971,-0.0009111034869304646122145641129,0.002388000000000723
3,2,0.6669809063686557,-0.0003142397019890719178647486842,0.0025809999999992783
4,2,0.6668117911758654,-0.0001451245091987907187558448641,0.00291899999999945
5,2,0.666745432090185,-0.00007876542351836768318662507227,0.0012199999999999989
6,2,0.6667141380737882,-0.00004747140712157982278540657717,0.0008020000000001914
7,2,0.6666974689694497,-0.00003080230278307283242611447349,0.0008770000000000167
8,2,0.6666877808458553,-0.00002111417918870817089782576659,0.0009810000000003427
9,2,0.6666817676542242,-0.00001510098755752586896505818004,0.0011440000000000339
10,2,0.6666778387003972,-0.00001117203373057762405551329721,0.0012449999999999406
11,2,0.6666751633552687,-0.000008496688602033231063614948653,0.0013769999999997395
12,2,0.6666732787558123,-0.000006612089145652255695040366845,0.0016210000000000946
13,2,0.6666719129507941,-0.000005246284127458089585616107797,0.0017500000000003624
14,2,0.6666708989684762,-0.000004232301809570238049218460219,0.0020180000000005194
15,2,0.6666701304077567,-0.000003463741090059535565615078667,0.0025780000000006353
16,2,0.666669537270768,-0.000002870604101423701592921133852,0.002404000000000295
17,2,0.6666690722191868,-0.000002405552520179377040676627075,0.002663000000000082
18,2,0.6666687024560531,-0.000002035789386511943632740440080,0.0029000000000003467
19,2,0.6666684047691748,-0.000001738102508141992075252346694,0.003201999999999927
20,2,0.6666681624154533,-0.000001495748786717321365813404555,0.0035889999999998423
2,3,0.666988887174558,-0.0003222205078913242815019657428,0.0010460000000005465
3,3,0.6667777673062734,-0.0001111006396067315549203158298,0.0010979999999998213
4,3,0.6667179759291724,-0.00005130926250573875080362995504,0.0012180000000006075
5,3,0.6666945144492135,-0.00002784778254683040188410814153,0.0013920000000000599
6,3,0.6666834503436109,-0.00001678367694424309775058645755,0.0015199999999992997
7,3,0.6666775569252541,-0.00001089025858747039166019021650,0.001746999999999943
8,3,0.6666741316563081,-0.000007464989641436936551599501399,0.0019019999999994042
9,3,0.666672005672019,-0.000005339005352378300983673398150,0.002164000000000499
10,3,0.666670616577072,-0.000003949910405420808956478140317,0.002523000000000053
11,3,0.6666696706997314,-0.000003004033064746280956569535192,0.0031249999999998224
12,3,0.6666690043932029,-0.000002337726536238982077975379070,0.0031080000000001107
13,3,0.6666685215082079,-0.000001854841541248930525398463942,0.0034400000000003317
14,3,0.666668163011322,-0.000001496344655405046353280340554,0.003838000000000008
15,3,0.666667891284073,-0.000001224617406370143157801066991,0.004406999999999606
16,3,0.6666676815784791,-0.000001014911812480256969593028771,0.007898999999999212
17,3,0.6666675171579158,-8.504912492046656780075863935E-7,0.007378000000000107
18,3,0.6666673864269063,-7.197602396313840245056780986E-7,0.0061189999999999856
19,3,0.6666672811787012,-6.145120345912857828807318583E-7,0.006480999999999959
20,3,0.6666671954937211,-5.288270544800965922149771359E-7,0.007681999999999967
2,4,0.6667805949572163,-0.0001139282905496807885015186912,0.00216800000000017
3,4,0.6667059466765667,-0.00003928000990005564574403251754,0.00232700000000019
4,4,0.6666848072303952,-0.00001814056372861916344163546455,0.0026570000000001315
5,4,0.6666765123446065,-0.000009845677939823715973943762947,0.0028999999999994586
6,4,0.666672600592557,-0.000005933925890322377938446152257,0.0030359999999998166
7,4,0.6666705169545151,-0.000003850287848439215565576887457,0.0032970000000007715
8,4,0.6666693059390649,-0.000002639272398297087818264117232,0.003722999999999921
9,4,0.6666685542901114,-0.000001887623444774000347479159245,0.0042239999999997835
10,4,0.6666680631708832,-0.000001396504216599758763095451286,0.004751000000000616
11,4,0.6666677287527428,-0.000001062086076197843453883251641,0.0052629999999993515
12,4,0.6666674931778095,-8.265111428595872666846844368E-7,0.006043999999999272
13,4,0.6666673224521824,-6.557855157796055323160544503E-7,0.0067310000000002645
14,4,0.6666671957043938,-5.290377271816026905071339570E-7,0.007626000000000133
15,4,0.6666670996343027,-4.329676360770307042002968956E-7,0.008427000000000184
16,4,0.6666670254921784,-3.588255117481509159915731288E-7,0.010476000000000596
17,4,0.6666669673607309,-3.006940643146549518860410899E-7,0.013575999999999588
18,4,0.6666669211403394,-2.544736728005148052034201100E-7,0.011366999999999905
19,4,0.6666668839294797,-2.172628130736597995564807206E-7,0.012406999999999613
20,4,0.6666668536352641,-1.869685974931201144499937072E-7,0.01378400000000024
2,5,0.6667069467851046,-0.00004028011843792977941802746500,0.0037589999999996238
3,5,0.6666805542473819,-0.00001388758071529938575849882909,0.004178999999999711
4,5,0.6666730803244802,-0.000006413657813619799696880363626,0.004659000000000191
5,5,0.666670147639485,-0.000003480972818326044659897888778,0.005323000000000633
6,5,0.6666687646262848,-0.000002097959618141409521285822848,0.005897000000000041
7,5,0.6666680279489906,-0.000001361282323975032682028540876,0.006592999999999627
8,5,0.6666675997903714,-9.331237047494056469076895155E-7,0.007371000000000016
9,5,0.6666673340423357,-6.673756690611654107669892255E-7,0.008322999999999858
10,5,0.6666671604054676,-4.937388009551568757160566747E-7,0.009351999999999805
11,5,0.6666670421708009,-3.755041342312637198119773529E-7,0.010358999999999341
12,5,0.6666669588824833,-2.922158166551724889359320514E-7,0.011894999999999989
13,5,0.6666668985218592,-2.318551926006051644435501657E-7,0.013384999999999536
14,5,0.6666668537097497,-1.870430830219760309773846529E-7,0.01486500000000035
15,5,0.6666668197438423,-1.530771757130011678782466333E-7,0.016583999999999932
16,5,0.6666667935306423,-1.268639756579759136911889073E-7,0.01867799999999953
17,5,0.6666667729780722,-1.063114055677161218227411155E-7,0.021246000000000542
18,5,0.666666756636696,-8.997002931554476390374475159E-8,0.023874000000000173
19,5,0.6666667434806705,-7.681400382431036177877103910E-8,0.024950999999999723
20,5,0.6666667327700475,-6.610338088020029090330353938E-8,0.02780799999999939
