n,m,value,error,time
2,1,0.7468033338758283,0.00002079893659867604327473600279,0.0009500000000004505
3,1,0.746824096701868,3.611055898744552905554883182E-8,0.0011350000000005522
4,1,0.7468241332775042,-4.650771989744839629565831274E-10,0.001106999999999303
5,1,0.7468241328105574,1.869615573468763614073395729E-12,0.001244000000000689
6,1,0.7468241328124321,-5.107025913275720085948705673E-15,0.0012430000000005492
7,1,0.7468241328124275,-5.551115123125782702118158340E-16,0.0014289999999999026
8,1,0.7468241328124264,5.551115123125782702118158340E-16,0.001595000000000013
9,1,0.7468241328124272,-2.220446049250313080847263336E-16,0.0018150000000005662
10,1,0.7468241328124272,-2.220446049250313080847263336E-16,0.0020049999999995904
11,1,0.7468241328124281,-1.110223024625156540423631668E-15,0.0022479999999998057
12,1,0.7468241328124265,4.440892098500626161694526672E-16,0.0031609999999995253
13,1,0.7468241328124268,2.220446049250313080847263336E-16,0.0032930000000002124
14,1,0.7468241328124281,-1.110223024625156540423631668E-15,0.003083000000000169
15,1,0.7468241328124269,1.110223024625156540423631668E-16,0.0033450000000003755
16,1,0.7468241328124259,1.110223024625156540423631668E-15,0.003670000000000506
17,1,0.7468241328124263,6.661338147750939242541790009E-16,0.00418400000000041
18,1,0.7468241328124263,6.661338147750939242541790009E-16,0.0044599999999999085
19,1,0.7468241328124265,4.440892098500626161694526672E-16,0.004914000000000307
20,1,0.7468241328124261,8.881784197001252323389053345E-16,0.004732999999999876
2,2,0.7468228080379324,0.000001324774494548819347983226180,0.0014959999999994977
3,2,0.7468241324102745,4.021525334962916531367227435E-10,0.002065999999999235
4,2,0.7468241328139701,-1.543098981926505075534805655E-12,0.002051000000000691
5,2,0.7468241328124251,1.887379141862766118720173836E-15,0.0022089999999996834
6,2,0.7468241328124272,-2.220446049250313080847263336E-16,0.0024290000000002365
7,2,0.7468241328124277,-6.661338147750939242541790009E-16,0.0026210000000004285
8,2,0.7468241328124263,6.661338147750939242541790009E-16,0.003122999999999543
9,2,0.7468241328124273,-3.330669073875469621270895004E-16,0.003473999999999755
10,2,0.7468241328124272,-2.220446049250313080847263336E-16,0.0038180000000007652
11,2,0.7468241328124281,-1.110223024625156540423631668E-15,0.0027080000000001547
12,2,0.7468241328124263,6.661338147750939242541790009E-16,0.001583000000000112
13,2,0.7468241328124268,2.220446049250313080847263336E-16,0.001858999999999611
14,2,0.7468241328124282,-1.221245327087672194465994835E-15,0.0019799999999996487
15,2,0.7468241328124269,1.110223024625156540423631668E-16,0.00218300000000049
16,2,0.7468241328124259,1.110223024625156540423631668E-15,0.002383000000000024
17,2,0.7468241328124261,8.881784197001252323389053345E-16,0.0026489999999999014
18,2,0.7468241328124261,8.881784197001252323389053345E-16,0.002919000000000338
19,2,0.7468241328124263,6.661338147750939242541790009E-16,0.0032130000000005765
20,2,0.746824132812426,9.992007221626408863812685013E-16,0.004033999999998983
2,3,0.7468240497355285,8.307689847164567709114635363E-8,0.0010430000000010153
3,3,0.7468241328066844,5.742628594873622205341234803E-12,0.0011089999999995825
4,3,0.7468241328124331,-6.106226635438360972329974174E-15,0.0012650000000000716
5,3,0.7468241328124268,2.220446049250313080847263336E-16,0.0013830000000005782
6,3,0.7468241328124273,-3.330669073875469621270895004E-16,0.0015540000000004994
7,3,0.7468241328124275,-5.551115123125782702118158340E-16,0.0017160000000000508
8,3,0.7468241328124264,5.551115123125782702118158340E-16,0.0019460000000002253
9,3,0.7468241328124272,-2.220446049250313080847263336E-16,0.002297999999999689
10,3,0.7468241328124274,-4.440892098500626161694526672E-16,0.0025009999999987542
11,3,0.746824132812428,-9.992007221626408863812685013E-16,0.0027279999999993976
12,3,0.7468241328124265,4.440892098500626161694526672E-16,0.0030889999999992312
13,3,0.7468241328124267,3.330669073875469621270895004E-16,0.0034720000000003637
14,3,0.7468241328124283,-1.332267629550187848508358002E-15,0.0038629999999990616
15,3,0.7468241328124269,1.110223024625156540423631668E-16,0.004293000000000546
16,3,0.7468241328124259,1.110223024625156540423631668E-15,0.004782000000000508
17,3,0.7468241328124263,6.661338147750939242541790009E-16,0.005266999999999911
18,3,0.7468241328124262,7.771561172376095782965421677E-16,0.008283999999999736
19,3,0.7468241328124264,5.551115123125782702118158340E-16,0.009425000000000239
20,3,0.7468241328124259,1.110223024625156540423631668E-15,0.007356999999998948
2,4,0.746824127616136,5.196290953080051622237078846E-9,0.002180000000000959
3,4,0.7468241328123392,8.781864124784988234750926495E-14,0.002297999999999689
4,4,0.7468241328124273,-3.330669073875469621270895004E-16,0.0027600000000003178
5,4,0.746824132812427,0E-50,0.002868000000001203
6,4,0.7468241328124273,-3.330669073875469621270895004E-16,0.003042999999999907
7,4,0.7468241328124277,-6.661338147750939242541790009E-16,0.00340600000000002
8,4,0.7468241328124264,5.551115123125782702118158340E-16,0.0038929999999997023
9,4,0.7468241328124272,-2.220446049250313080847263336E-16,0.004405999999999466
10,4,0.7468241328124273,-3.330669073875469621270895004E-16,0.0049309999999991305
11,4,0.7468241328124281,-1.110223024625156540423631668E-15,0.005409999999999471
12,4,0.7468241328124265,4.440892098500626161694526672E-16,0.006107000000000085
13,4,0.7468241328124269,1.110223024625156540423631668E-16,0.006888000000000005
14,4,0.7468241328124281,-1.110223024625156540423631668E-15,0.007655999999998997
15,4,0.746824132812427,0E-50,0.00853400000000093
16,4,0.7468241328124259,1.110223024625156540423631668E-15,0.00932200000000094
17,4,0.7468241328124262,7.771561172376095782965421677E-16,0.01049199999999928
18,4,0.7468241328124262,7.771561172376095782965421677E-16,0.011554000000000286
19,4,0.7468241328124262,7.771561172376095782965421677E-16,0.012593000000000742
20,4,0.7468241328124259,1.110223024625156540423631668E-15,0.014160999999999646
2,5,0.7468241324875979,3.248290525448283005971461535E-10,0.003814000000000206
3,5,0.7468241328124253,1.665334536937734810635447502E-15,0.004256000000001592
4,5,0.746824132812427,0E-50,0.00474899999999856
5,5,0.7468241328124267,3.330669073875469621270895004E-16,0.005351000000000994
6,5,0.7468241328124271,-1.110223024625156540423631668E-16,0.006014000000000408
7,5,0.7468241328124278,-7.771561172376095782965421677E-16,0.006721999999999895
8,5,0.7468241328124262,7.771561172376095782965421677E-16,0.0074939999999994455
9,5,0.746824132812427,0E-50,0.00867900000000077
10,5,0.7468241328124271,-1.110223024625156540423631668E-16,0.009610999999999592
11,5,0.7468241328124282,-1.221245327087672194465994835E-15,0.010552999999999813
12,5,0.7468241328124262,7.771561172376095782965421677E-16,0.012157000000000195
13,5,0.7468241328124267,3.330669073875469621270895004E-16,0.013654000000000721
14,5,0.7468241328124284,-1.443289932012703502550721169E-15,0.015090999999999966
15,5,0.7468241328124268,2.220446049250313080847263336E-16,0.016856000000000648
16,5,0.7468241328124259,1.110223024625156540423631668E-15,0.01912499999999895
17,5,0.7468241328124261,8.881784197001252323389053345E-16,0.020864000000001326
18,5,0.7468241328124262,7.771561172376095782965421677E-16,0.022990000000000066
19,5,0.7468241328124262,7.771561172376095782965421677E-16,0.025104999999999933
20,5,0.7468241328124258,1.221245327087672194465994835E-15,0.027744000000000213
