2,1,0.23182212039554917,0.000001684104853877377294679718034,0.0017209999999998615
3,1,0.23182380563864904,-1.138245997456266422886983491E-9,0.001468000000000913
4,1,0.23182380450640916,-6.006112274192787481297273189E-12,0.001601999999998327
5,1,0.23182380450037765,2.539635168830045586219057441E-14,0.001794999999999547
6,1,0.23182380450040319,-1.387778780781445675529539585E-16,0.002000000000000668
7,1,0.23182380450040324,-1.942890293094023945741355419E-16,0.0022910000000013753
8,1,0.23182380450040285,1.942890293094023945741355419E-16,0.0025279999999998637
9,1,0.23182380450040313,-8.326672684688674053177237511E-17,0.0028719999999999857
10,1,0.23182380450040313,-8.326672684688674053177237511E-17,0.0032209999999999184
11,1,0.2318238045004034,-3.608224830031758756376802921E-16,0.003011000000000763
12,1,0.2318238045004029,1.387778780781445675529539585E-16,0.0031269999999992137
13,1,0.23182380450040296,8.326672684688674053177237511E-17,0.0024090000000001055
14,1,0.2318238045004034,-3.608224830031758756376802921E-16,0.0036020000000007713
15,1,0.23182380450040302,2.775557561562891351059079170E-17,0.003353999999999857
16,1,0.23182380450040269,3.608224830031758756376802921E-16,0.0036570000000004654
17,1,0.2318238045004028,2.498001805406602215953171253E-16,0.004177000000000319
18,1,0.2318238045004028,2.498001805406602215953171253E-16,0.004391000000000034
19,1,0.2318238045004028,2.498001805406602215953171253E-16,0.0051009999999998
20,1,0.23182380450040274,3.053113317719180486164987087E-16,0.0053149999999995146
2,2,0.23182370003734434,1.044630587032635560262860963E-7,0.0016650000000009157
3,2,0.23182380452028017,-1.987712772155703078169608489E-11,0.0017430000000011603
4,2,0.2318238045004229,-1.984523656517467316007241607E-14,0.0019429999999989178
5,2,0.23182380450040296,8.326672684688674053177237511E-17,0.002164000000000499
6,2,0.2318238045004031,-5.551115123125782702118158340E-17,0.002539000000000513
7,2,0.23182380450040324,-1.942890293094023945741355419E-16,0.00265500000000074
8,2,0.23182380450040285,1.942890293094023945741355419E-16,0.0030239999999999156
9,2,0.23182380450040313,-8.326672684688674053177237511E-17,0.0033729999999998483
10,2,0.2318238045004031,-5.551115123125782702118158340E-17,0.0037760000000002236
11,2,0.2318238045004034,-3.608224830031758756376802921E-16,0.0037000000000002586
12,2,0.23182380450040288,1.665334536937734810635447502E-16,0.0015710000000002111
13,2,0.23182380450040296,8.326672684688674053177237511E-17,0.0017719999999989966
14,2,0.2318238045004034,-3.608224830031758756376802921E-16,0.001949999999999008
15,2,0.23182380450040302,2.775557561562891351059079170E-17,0.002180999999998434
16,2,0.2318238045004027,3.330669073875469621270895004E-16,0.0029009999999995983
17,2,0.2318238045004028,2.498001805406602215953171253E-16,0.002769999999999939
18,2,0.2318238045004028,2.498001805406602215953171253E-16,0.0029249999999994003
19,2,0.23182380450040282,2.220446049250313080847263336E-16,0.003182999999999936
20,2,0.23182380450040269,3.608224830031758756376802921E-16,0.003498999999999697
2,3,0.23182379798527547,6.515127576323109792610921431E-9,0.0010250000000002757
3,3,0.23182380450072046,-3.174127627403322549071162939E-13,0.0011209999999994835
4,3,0.23182380450040319,-1.387778780781445675529539585E-16,0.0012439999999998008
5,3,0.23182380450040296,8.326672684688674053177237511E-17,0.0014170000000000016
6,3,0.23182380450040313,-8.326672684688674053177237511E-17,0.0015989999999987958
7,3,0.23182380450040324,-1.942890293094023945741355419E-16,0.0017270000000007002
8,3,0.23182380450040285,1.942890293094023945741355419E-16,0.0019249999999999545
9,3,0.2318238045004031,-5.551115123125782702118158340E-17,0.002262999999999238
10,3,0.23182380450040316,-1.110223024625156540423631668E-16,0.0025149999999989348
11,3,0.2318238045004034,-3.608224830031758756376802921E-16,0.0032220000000009463
12,3,0.23182380450040288,1.665334536937734810635447502E-16,0.003181999999998908
13,3,0.23182380450040296,8.326672684688674053177237511E-17,0.003458000000000183
14,3,0.2318238045004034,-3.608224830031758756376802921E-16,0.0038779999999984938
15,3,0.23182380450040302,2.775557561562891351059079170E-17,0.004279000000000366
16,3,0.2318238045004027,3.330669073875469621270895004E-16,0.004767000000001076
17,3,0.23182380450040282,2.220446049250313080847263336E-16,0.006943999999998951
18,3,0.23182380450040282,2.220446049250313080847263336E-16,0.008615999999999957
19,3,0.23182380450040285,1.942890293094023945741355419E-16,0.006546000000000163
20,3,0.2318238045004027,3.330669073875469621270895004E-16,0.009179999999998856
2,4,0.23182380409342812,4.069749259816290987146203406E-10,0.0019930000000005776
3,4,0.231823804500408,-4.940492459581946604885160923E-15,0.002187000000001049
4,4,0.23182380450040313,-8.326672684688674053177237511E-17,0.0024100000000011335
5,4,0.231823804500403,5.551115123125782702118158340E-17,0.0027010000000000645
6,4,0.23182380450040313,-8.326672684688674053177237511E-17,0.003059000000000367
7,4,0.23182380450040324,-1.942890293094023945741355419E-16,0.0033660000000015344
8,4,0.23182380450040285,1.942890293094023945741355419E-16,0.0037749999999991957
9,4,0.23182380450040316,-1.110223024625156540423631668E-16,0.004279000000000366
10,4,0.23182380450040316,-1.110223024625156540423631668E-16,0.00478799999999957
11,4,0.23182380450040344,-3.885780586188047891482710838E-16,0.0053509999999992175
12,4,0.23182380450040288,1.665334536937734810635447502E-16,0.006057999999999453
13,4,0.23182380450040302,2.775557561562891351059079170E-17,0.006888000000000005
14,4,0.23182380450040344,-3.885780586188047891482710838E-16,0.00757399999999997
15,4,0.23182380450040302,2.775557561562891351059079170E-17,0.008411000000000612
16,4,0.2318238045004027,3.330669073875469621270895004E-16,0.00929400000000058
17,4,0.23182380450040277,2.775557561562891351059079170E-16,0.013153000000000858
18,4,0.2318238045004028,2.498001805406602215953171253E-16,0.011870000000000047
19,4,0.2318238045004028,2.498001805406602215953171253E-16,0.01283600000000007
20,4,0.2318238045004027,3.330669073875469621270895004E-16,0.014455999999999136
2,5,0.23182380447497059,2.543246169217638907866785303E-11,0.004213999999999274
3,5,0.23182380450040296,8.326672684688674053177237511E-17,0.004514000000000351
4,5,0.2318238045004031,-5.551115123125782702118158340E-17,0.004725999999999786
5,5,0.23182380450040302,2.775557561562891351059079170E-17,0.005323999999999884
6,5,0.23182380450040313,-8.326672684688674053177237511E-17,0.006835000000000591
7,5,0.23182380450040316,-1.110223024625156540423631668E-16,0.006626000000000687
8,5,0.23182380450040294,1.110223024625156540423631668E-16,0.0074670000000001124
9,5,0.23182380450040313,-8.326672684688674053177237511E-17,0.008466000000000307
10,5,0.23182380450040313,-8.326672684688674053177237511E-17,0.009482000000000212
11,5,0.23182380450040335,-3.053113317719180486164987087E-16,0.010718999999999923
12,5,0.23182380450040294,1.110223024625156540423631668E-16,0.012133999999999645
13,5,0.23182380450040302,2.775557561562891351059079170E-17,0.013550999999999647
14,5,0.2318238045004034,-3.608224830031758756376802921E-16,0.015120000000001355
15,5,0.23182380450040305,0E-55,0.016851000000000838
16,5,0.23182380450040269,3.608224830031758756376802921E-16,0.01853899999999875
17,5,0.23182380450040282,2.220446049250313080847263336E-16,0.020820999999999756
18,5,0.23182380450040288,1.665334536937734810635447502E-16,0.02351700000000001
19,5,0.23182380450040288,1.665334536937734810635447502E-16,0.02612599999999965
20,5,0.23182380450040269,3.608224830031758756376802921E-16,0.02797299999999936
