2,1,7.380244393430848,0.2601511846245756487405742519,0.0013780000000007675
3,1,7.643739304417978,-0.003343726362554200193244469119,0.001094999999999402
4,1,7.64266733099252,-0.002271752937096138680317380931,0.0011100000000006105
5,1,7.640549451138314,-0.0001538730828904988356953253970,0.0012190000000007473
6,1,7.640351473693098,0.00004410436232582526372425490990,0.0013249999999995765
7,1,7.6403889460908,0.000006631964623693420435301959515,0.0015319999999992007
8,1,7.640396435478071,-8.574226475488444521033670753E-7,0.0016390000000008342
9,1,7.640395825763962,-2.477085381258348206756636500E-7,0.0017519999999997538
10,1,7.6403955654379185,1.261750526282412465661764145E-8,0.002029999999999532
11,1,7.640395569290136,8.765288050938124797539785504E-9,0.002222999999998976
12,1,7.640395577972474,8.294964715105379582382738590E-11,0.002582999999999558
13,1,7.640395578350838,-2.954143596411995531525462866E-10,0.0040290000000009485
14,1,7.640395578075449,-2.002487065055902348831295967E-11,0.00478999999999985
15,1,7.640395578046077,9.347189688924117945134639740E-12,0.005601000000000411
16,1,7.640395578054146,1.278088745948480209335684776E-12,0.006439000000000306
17,1,7.6403955780556805,-2.566835632933361921459436417E-13,0.00714100000000073
18,1,7.640395578055475,-5.151434834260726347565650940E-14,0.007855000000001056
19,1,7.6403955780554105,1.332267629550187848508358002E-14,0.008566000000000074
20,1,7.640395578055409,1.509903313490212894976139069E-14,0.009456999999999383
2,2,7.627518828937151,0.01287674911827263457553272019,0.002436000000001215
3,2,7.641376122126509,-0.0009805440710852764141236548312,0.0026429999999990628
4,2,7.640394546076902,0.000001031978522192389391420874745,0.0029769999999995633
5,2,7.640391081225668,0.000004496829755673559247952653095,0.003449999999999065
6,2,7.640395783395585,-2.053401608748117723735049367E-7,0.0038450000000000983
7,2,7.640395596809438,-1.875401434148216139874421060E-8,0.004384999999999195
8,2,7.640395575661437,2.393987230675520549993962049E-9,0.004929999999999879
9,2,7.640395578044654,1.077005151728371856734156609E-11,0.005665000000000475
10,2,7.640395578074543,-1.911892866246489575132727623E-11,0.0060149999999996595
11,2,7.640395578054452,9.716671911519370041787624359E-13,0.0066030000000001365
12,2,7.640395578055315,1.083577672034152783453464508E-13,0.00804199999999966
13,2,7.640395578055435,-1.154631945610162802040576935E-14,0.009043000000000134
14,2,7.640395578055436,-1.243449787580175325274467468E-14,0.01018099999999933
15,2,7.640395578055422,1.776356839400250464677810669E-15,0.011299999999998533
16,2,7.640395578055411,1.243449787580175325274467468E-14,0.003593999999999653
17,2,7.640395578055415,8.881784197001252323389053345E-15,0.002779000000000309
18,2,7.640395578055418,6.217248937900876626372337341E-15,0.003024000000001692
19,2,7.640395578055418,6.217248937900876626372337341E-15,0.0032320000000005678
20,2,7.640395578055411,1.243449787580175325274467468E-14,0.0037799999999990064
2,3,7.640273439394032,0.0001221386613918795660538307857,0.0013710000000006772
3,3,7.640406910025336,-0.00001133196991176532719691749662,0.0011830000000010443
4,3,7.640395053908848,5.241465759198149498843122274E-7,0.0016060000000006625
5,3,7.640395591273598,-1.321817411081838145037181675E-8,0.0014299999999991542
6,3,7.64039557795671,9.871392592231131857261061668E-11,0.0015599999999995617
7,3,7.640395578047872,7.552181102710164850577712059E-12,0.0017890000000004846
8,3,7.6403955780558475,-4.236611061969597358256578445E-13,0.002028000000001029
9,3,7.640395578055413,1.065814103640150278806686401E-14,0.0023020000000002483
10,3,7.640395578055426,-1.776356839400250464677810669E-15,0.0025130000000004316
11,3,7.640395578055435,-1.154631945610162802040576935E-14,0.0027609999999995694
12,3,7.640395578055418,6.217248937900876626372337341E-15,0.0032429999999994408
13,3,7.640395578055421,2.664535259100375697016716003E-15,0.004490999999999801
14,3,7.640395578055435,-1.154631945610162802040576935E-14,0.006512999999999991
15,3,7.640395578055422,1.776356839400250464677810669E-15,0.004642999999999731
16,3,7.640395578055413,1.065814103640150278806686401E-14,0.004901000000000266
17,3,7.640395578055415,8.881784197001252323389053345E-15,0.007415999999999201
18,3,7.640395578055415,8.881784197001252323389053345E-15,0.005881000000000469
19,3,7.640395578055417,7.105427357601001858711242676E-15,0.0064989999999998105
20,3,7.640395578055411,1.243449787580175325274467468E-14,0.007054999999999367
2,4,7.640395542616002,3.543942206363226432586088777E-8,0.001974999999999838
3,4,7.640395581362565,-3.307141227537613303866237402E-9,0.002187000000001049
4,4,7.640395577898155,1.572688645978814747650176287E-10,0.0024130000000006646
5,4,7.640395578059957,-4.533262654149439185857772827E-12,0.002779000000000309
6,4,7.640395578055338,8.615330671091214753687381744E-14,0.0030879999999999797
7,4,7.640395578055433,-8.881784197001252323389053345E-15,0.00339899999999993
8,4,7.6403955780554185,5.329070518200751394033432007E-15,0.003817999999998989
9,4,7.6403955780554265,-2.664535259100375697016716003E-15,0.004355999999999582
10,4,7.640395578055426,-1.776356839400250464677810669E-15,0.004867000000000843
11,4,7.640395578055435,-1.154631945610162802040576935E-14,0.005411000000000499
12,4,7.6403955780554185,5.329070518200751394033432007E-15,0.006123999999999796
13,4,7.640395578055422,1.776356839400250464677810669E-15,0.006885000000000474
14,4,7.640395578055436,-1.243449787580175325274467468E-14,0.007737999999999801
15,4,7.640395578055421,2.664535259100375697016716003E-15,0.01080299999999923
16,4,7.640395578055411,1.243449787580175325274467468E-14,0.010417000000000343
17,4,7.640395578055416,7.993605777301127091050148010E-15,0.010591999999999047
18,4,7.640395578055417,7.105427357601001858711242676E-15,0.01157699999999906
19,4,7.640395578055416,7.993605777301127091050148010E-15,0.012653999999999499
20,4,7.640395578055413,1.065814103640150278806686401E-14,0.013958000000000581
2,5,7.640395578055413,1.065814103640150278806686401E-14,0.003940000000000055
3,5,7.640395578055424,0E-49,0.004260000000000375
4,5,7.6403955780554265,-2.664535259100375697016716003E-15,0.004784000000000788
5,5,7.64039557805542,3.552713678800500929355621338E-15,0.005418999999999841
6,5,7.640395578055429,-5.329070518200751394033432007E-15,0.0062309999999996535
7,5,7.640395578055432,-7.993605777301127091050148010E-15,0.006717999999999336
8,5,7.640395578055417,7.105427357601001858711242676E-15,0.007667000000001423
9,5,7.64039557805543,-6.217248937900876626372337341E-15,0.008603000000000804
10,5,7.64039557805543,-6.217248937900876626372337341E-15,0.009641999999999484
11,5,7.640395578055435,-1.154631945610162802040576935E-14,0.010695000000000121
12,5,7.640395578055417,7.105427357601001858711242676E-15,0.012434999999999974
13,5,7.640395578055418,6.217248937900876626372337341E-15,0.01379400000000075
14,5,7.640395578055436,-1.243449787580175325274467468E-14,0.015268000000000725
15,5,7.64039557805542,3.552713678800500929355621338E-15,0.01715199999999939
16,5,7.640395578055411,1.243449787580175325274467468E-14,0.018805999999999656
17,5,7.640395578055413,1.065814103640150278806686401E-14,0.020989000000000146
18,5,7.640395578055414,9.769962616701377555727958679E-15,0.024079000000000406
19,5,7.640395578055415,8.881784197001252323389053345E-15,0.02649000000000079
20,5,7.640395578055411,1.243449787580175325274467468E-14,0.028950999999999283
